Map from character to field name
A:	
B:	AL
C:	AR
D:	ARG/B
E:	AZ
F:	BRA/Bahia
G:	BRA/Ceara
H:	BRA/ES
I:	BRA/Minas-Gerais
J:	BRA/Piaui
K:	BRA/Sao-Paulo
L:	CA
M:	CAN/QC
N:	CO
O:	COL/ANT
P:	CT
Q:	DC
R:	FL
S:	GA
T:	IA
U:	ID
V:	IL
W:	IN
X:	ISR/D
Y:	KS
Z:	KY
[:	LA
\:	MA
]:	MD
^:	MEX/BCN
_:	MEX/CHH
`:	MEX/SON
a:	MEX/TAB
b:	MEX/TAM
c:	MI
d:	MN
e:	MO
f:	MS
g:	MT
h:	NC
i:	ND
j:	NE
k:	NH
l:	NJ
m:	NM
n:	NV
o:	NY
p:	OH
q:	OK
r:	OR
s:	PA
t:	SD
u:	TN
v:	TX
w:	US-VI
x:	UT
y:	VA
z:	VGB
{:	WA
|:	WI
}:	WY
~:	?


Substitution rate (mu): 97.337816

Equilibrium frequencies (pi_i):
  A: 0.0049
  B: 0.0165
  C: 0.0198
  D: 0.0221
  E: 0.0127
  F: 0.0237
  G: 0.024
  H: 0.0245
  I: 0.0241
  J: 0.0241
  K: 0.024
  L: 0.0193
  M: 0.0105
  N: 0.0092
  O: 0.0221
  P: 0.0041
  Q: 0.0146
  R: 0.0174
  S: 0.0099
  T: 0.0063
  U: 0.0193
  V: 0.0063
  W: 0.0221
  X: 0.0221
  Y: 0.018
  Z: 0.0192
  [: 0.0113
  \: 0.0205
  ]: 0.0127
  ^: 0.0224
  _: 0.0219
  `: 0.0245
  a: 0.0243
  b: 0.0244
  c: 0.0164
  d: 0.0059
  e: 0.0172
  f: 0.0158
  g: 0.0153
  h: 0.0116
  i: 0.0161
  j: 0.0058
  k: 0.0081
  l: 0.0146
  m: 0.0209
  n: 0.0157
  o: 0.0021
  p: 0.0085
  q: 0.017
  r: 0.0193
  s: 0.0141
  t: 0.0122
  u: 0.0206
  v: 0.0067
  w: 0.0233
  x: 0.0217
  y: 0.0089
  z: 0.0233
  {: 0.0199
  |: 0.0122
  }: 0.024

Symmetrized rates from j->i (W_ij):
	A	B	C	D	E	F	G	H	I	J	K	L	M	N	O	P	Q	R	S	T	U	V	W	X	Y	Z	[	\	]	^	_	`	a	b	c	d	e	f	g	h	i	j	k	l	m	n	o	p	q	r	s	t	u	v	w	x	y	z	{	|	}
  A	0	1.016	0.9714	0.9611	0.9638	1.3272	0.9618	0.9705	0.9615	0.9615	0.9618	24.9713	0.9622	4.8209	0.9612	21.3084	0.9851	1.0719	1.8671	1.1375	0.9616	0.9718	0.9611	0.961	0.9615	0.9612	0.9667	0.9614	1.3118	0.9611	0.9611	0.961	1.4417	0.9611	0.9622	0.996	0.9615	0.9632	1.0313	0.9635	0.9635	3.4239	1.327	0.9829	0.963	0.9642	23.5639	0.9864	0.9693	0.9615	0.9656	1.037	1.206	1.8721	0.962	0.9733	1.0519	0.962	0.962	1.3434	0.9613
  B	1.016	0	0.9647	0.9609	0.9618	0.9611	0.9613	0.961	0.9612	0.9612	0.9613	0.9485	0.9612	0.9607	0.9609	1.2227	0.9615	0.9627	1.376	0.9599	0.9609	0.9638	0.961	0.961	0.9612	0.961	0.9607	0.961	0.9613	0.961	0.9609	0.9609	0.9609	0.9611	0.9613	0.9609	0.961	0.9611	0.9611	0.9613	0.9613	0.9597	0.9609	1.169	0.9613	0.961	3.4132	0.9637	0.9613	0.961	0.9613	0.9614	0.9612	0.9603	0.9613	0.961	0.961	0.9613	0.9612	0.9631	0.9609
  C	0.9714	0.9647	0	0.9612	0.9621	0.9614	0.9616	0.9612	0.9615	0.9615	0.9616	0.9467	0.9615	0.9621	0.9612	1.0476	0.9616	0.9619	1.2492	0.9604	0.9612	1.3871	0.9612	0.9612	0.9615	0.9612	0.961	0.9612	0.9616	0.9614	0.9612	0.9612	0.9612	0.9615	0.9615	1.4421	0.9613	0.9739	0.9613	0.9615	0.9615	0.9602	0.9612	0.9614	0.9617	0.9613	2.3159	0.962	0.9616	0.9612	0.9613	1.2142	0.9615	0.9618	0.9616	0.9612	0.9612	0.9616	0.9635	1.6827	0.9612
  D	0.9611	0.9609	0.9612	0	0.9617	0.961	0.9613	0.9609	0.9612	0.9612	0.9613	0.9442	0.9609	0.96	0.9609	1.1011	0.9612	0.961	0.961	0.9594	0.9609	0.9607	0.9609	0.9609	0.9611	0.9609	0.9604	0.9609	0.961	0.961	0.9609	0.9609	0.9609	0.9611	0.961	0.9602	0.9608	0.9609	0.9609	0.961	0.9611	0.9589	0.9607	0.961	0.9613	0.961	1.2663	0.9606	0.961	0.961	0.9609	0.9611	0.961	0.9596	0.9612	0.9609	0.9605	0.9612	0.9609	0.9613	0.9609
  E	0.9638	0.9618	0.9621	0.9617	0	0.9618	0.962	0.9618	0.9619	0.9619	0.962	6.0847	0.9617	1.6881	0.9617	0.9582	0.9618	0.9617	0.9621	0.9609	1.0423	0.9627	0.9618	0.9618	1.187	0.9617	0.9613	0.9618	0.9619	0.962	0.9619	0.9618	0.9618	0.962	0.9619	1.5884	0.9619	0.9617	0.9662	0.9621	0.9623	1.2271	0.9614	0.9618	1.6517	1.7462	1.7146	0.9615	0.962	0.9631	0.9617	1.0025	0.9618	2.3032	0.962	0.962	0.9616	0.962	1.2521	0.9825	0.9618
  F	1.3272	0.9611	0.9614	0.961	0.9618	0	0.9614	1.4502	0.9613	0.9613	0.9614	0.9458	0.961	0.9617	0.961	0.9563	0.9613	0.9612	0.9615	0.9595	0.961	0.9611	0.961	0.961	0.9612	0.961	0.9605	0.961	0.9614	0.9611	0.961	0.961	0.961	0.9612	0.9611	0.9607	0.9609	0.9611	0.9611	0.9612	0.9612	0.9593	0.9608	0.9611	0.9614	0.9611	1.0671	0.9609	0.9612	0.961	0.961	0.9613	0.9612	0.96	0.9612	0.961	0.9728	0.9612	0.961	0.9705	0.961
  G	0.9618	0.9613	0.9616	0.9613	0.962	0.9614	0	0.9614	1.0421	1.0421	1.3753	0.9432	0.9614	0.9604	0.9613	1.0454	1.0889	0.9615	0.9613	0.9605	0.9613	0.9613	0.9613	0.9613	0.9615	0.9613	0.9611	0.9613	0.9615	0.9614	0.9613	0.9614	0.9614	0.9615	0.9614	0.9604	0.9612	0.9614	0.9612	0.9613	0.9614	0.9597	0.9616	0.9614	0.9618	0.9613	0.9482	0.9613	0.9614	0.9613	0.9613	0.9615	0.9615	0.96	0.9616	0.9613	0.9609	0.9616	0.9613	0.9616	0.9614
  H	0.9705	0.961	0.9612	0.9609	0.9618	1.4502	0.9614	0	0.9612	0.9612	0.9614	0.9427	0.9609	0.9599	0.9609	0.9481	0.9611	0.961	0.961	0.9592	0.9609	0.9606	0.9609	0.9609	0.9611	0.9609	0.9604	0.9609	0.961	0.961	0.9609	0.9609	0.9609	0.9611	0.961	0.9601	0.9608	0.961	0.9609	0.961	0.9611	0.9587	0.9607	0.961	0.9614	0.961	0.9462	0.9606	0.961	0.961	0.9609	0.9611	0.9611	0.9594	0.9612	0.961	0.9606	0.9612	0.9609	0.9615	0.9609
  I	0.9615	0.9612	0.9615	0.9612	0.9619	0.9613	1.0421	0.9612	0	1.2012	1.0421	0.9429	0.9612	0.9602	0.9611	1.017	1.2916	0.9613	0.9612	0.9601	0.9611	0.961	0.9612	0.9612	0.9614	0.9612	0.9608	0.9612	0.9613	0.9612	0.9611	0.9612	0.9612	0.9614	0.9613	0.9603	0.961	0.9612	0.9611	0.9612	0.9613	0.9594	0.9613	0.9613	0.9616	0.9612	0.9469	0.9611	0.9613	0.9612	0.9612	0.9614	0.9613	0.9598	0.9614	0.9612	0.9607	0.9614	0.9611	0.9615	0.9612
  J	0.9615	0.9612	0.9615	0.9612	0.9619	0.9613	1.0421	0.9612	1.2012	0	1.0421	0.9429	0.9612	0.9602	0.9611	1.017	1.2916	0.9613	0.9612	0.9601	0.9611	0.961	0.9612	0.9612	0.9614	0.9612	0.9608	0.9612	0.9613	0.9612	0.9611	0.9612	0.9612	0.9614	0.9613	0.9603	0.961	0.9612	0.9611	0.9612	0.9613	0.9594	0.9613	0.9613	0.9616	0.9612	0.9469	0.9611	0.9613	0.9612	0.9612	0.9614	0.9613	0.9598	0.9614	0.9612	0.9607	0.9614	0.9611	0.9615	0.9612
  K	0.9618	0.9613	0.9616	0.9613	0.962	0.9614	1.3753	0.9614	1.0421	1.0421	0	0.9432	0.9614	0.9604	0.9613	1.0454	1.0889	0.9615	0.9613	0.9605	0.9613	0.9613	0.9613	0.9613	0.9615	0.9613	0.9611	0.9613	0.9615	0.9614	0.9613	0.9614	0.9614	0.9615	0.9614	0.9604	0.9612	0.9614	0.9612	0.9613	0.9614	0.9597	0.9616	0.9614	0.9618	0.9613	0.9482	0.9613	0.9614	0.9613	0.9613	0.9615	0.9615	0.96	0.9616	0.9613	0.9609	0.9616	0.9613	0.9616	0.9614
  L	24.9713	0.9485	0.9467	0.9442	6.0847	0.9458	0.9432	0.9427	0.9429	0.9429	0.9432	0	0.9531	2.0235	0.9441	0.9585	0.9502	0.9479	0.9558	0.9561	2.2731	0.9573	0.9442	0.9442	0.949	0.9464	0.9521	0.9454	0.952	1.4162	0.9444	0.9424	0.9426	0.9429	0.9488	1.8389	0.948	0.9491	0.9499	1.4288	0.9495	1.6972	0.9562	0.9501	1.5381	3.5938	1.7675	0.9547	0.9485	2.5885	0.9503	1.6576	0.9473	3.2619	0.9436	1.419	0.9559	0.9436	0.9478	1.7708	0.9428
  M	0.9622	0.9612	0.9615	0.9609	0.9617	0.961	0.9614	0.9609	0.9612	0.9612	0.9614	0.9531	0	0.9618	0.9609	4.9176	0.9617	0.9613	0.9615	0.969	0.9609	1.1393	0.9609	0.9609	0.9613	0.9609	1.2069	0.961	0.9617	0.9609	0.9609	0.9608	0.9608	0.9609	0.9614	0.9624	0.9612	0.9612	0.9612	1.106	0.9616	1.3463	0.9611	0.9615	0.9612	0.961	6.131	0.9615	0.9615	0.9609	0.9612	0.962	0.961	1.4428	0.9614	0.9609	1.1986	0.9614	0.9613	0.9619	0.9609
  N	4.8209	0.9607	0.9621	0.96	1.6881	0.9617	0.9604	0.9599	0.9602	0.9602	0.9604	2.0235	0.9618	0	0.96	3.9633	0.9616	0.9623	0.9625	5.6167	0.9603	2.266	0.96	0.96	1.0303	0.9603	1.3283	0.9629	0.9626	0.9605	0.9602	0.9598	0.9599	0.9604	1.125	5.1273	1.446	1.0578	0.9632	0.9633	1.7102	9.0681	1.2889	0.9614	1.2259	1.0329	15.4919	3.0995	0.9878	0.9604	0.9611	2.2501	0.9606	9.5603	0.9622	0.9993	0.9626	0.9622	1.0012	1.1307	0.96
  O	0.9612	0.9609	0.9612	0.9609	0.9617	0.961	0.9613	0.9609	0.9611	0.9611	0.9613	0.9441	0.9609	0.96	0	1.0399	0.9611	0.961	0.961	0.9595	0.9609	0.9608	0.9609	0.9609	0.9611	0.9609	0.9604	0.9609	0.961	0.9609	0.9609	0.9609	0.9609	0.9611	0.961	0.9602	0.9608	0.9609	0.9609	0.961	0.9611	0.959	0.9607	0.961	0.9613	0.961	1.3265	0.9607	0.961	0.9609	0.9609	0.9611	0.961	0.9597	0.9612	0.9609	0.9605	0.9612	0.9609	0.9613	0.9609
  P	21.3084	1.2227	1.0476	1.1011	0.9582	0.9563	1.0454	0.9481	1.017	1.017	1.0454	0.9585	4.9176	3.9633	1.0399	0	2.6492	1.9637	1.1462	30.6422	0.9506	10.9901	0.9494	0.9491	1.319	1.4258	8.2289	1.0267	1.3729	0.9491	0.9499	0.9478	0.9479	0.948	1.3225	1.6505	0.955	1.4915	0.9585	1.6994	0.958	28.3253	15.9893	1.2658	1.143	0.9529	73.585	9.7234	1.2032	0.9506	1.9964	1.2586	1.167	9.6743	0.9549	0.9532	2.6796	0.9549	1.4369	1.009	0.9768
  Q	0.9851	0.9615	0.9616	0.9612	0.9618	0.9613	1.0889	0.9611	1.2916	1.2916	1.0889	0.9502	0.9617	0.9616	0.9611	2.6492	0	0.9616	0.9618	0.9612	0.9611	0.9625	0.9612	0.9612	0.9615	0.9612	0.9614	0.9612	1.6814	0.9611	0.9611	0.9611	0.9611	0.9612	0.9615	0.9618	0.9613	0.9614	0.9614	0.9617	0.9616	0.9611	0.9616	1.1717	0.9615	0.9612	3.2472	0.962	0.9615	0.9611	1.4424	0.9617	0.9613	0.9615	0.9615	0.9612	1.1367	0.9615	0.9614	0.962	0.9611
  R	1.0719	0.9627	0.9619	0.961	0.9617	0.9612	0.9615	0.961	0.9613	0.9613	0.9615	0.9479	0.9613	0.9623	0.961	1.9637	0.9616	0	1.4058	0.9606	0.961	1.3995	0.961	0.961	0.9613	0.961	0.961	0.961	1.1073	0.9611	0.961	0.961	0.961	0.9611	0.9612	0.9621	0.961	0.9612	0.9611	0.9613	0.9613	0.9603	0.9612	0.9612	0.9614	0.9611	2.36	1.0658	0.9612	0.961	0.9611	0.9615	0.9612	0.9608	0.9612	0.961	1.1233	0.9612	0.9612	1.1741	0.961
  S	1.8671	1.376	1.2492	0.961	0.9621	0.9615	0.9613	0.961	0.9612	0.9612	0.9613	0.9558	0.9615	0.9625	0.961	1.1462	0.9618	1.4058	0	0.9608	0.961	1.0828	0.961	0.961	0.9613	0.961	0.9625	0.9611	0.9651	0.961	0.961	0.961	0.9611	0.9611	0.9616	0.9631	0.9613	0.9612	0.9614	0.9616	0.9617	0.9617	0.9612	0.9641	0.9614	0.9611	10.9963	1.1032	0.9617	0.961	0.9612	1.1373	1.2676	1.4497	0.9617	0.9612	0.9767	0.9617	0.9618	1.0828	0.961
  T	1.1375	0.9599	0.9604	0.9594	0.9609	0.9595	0.9605	0.9592	0.9601	0.9601	0.9605	0.9561	0.969	5.6167	0.9595	30.6422	0.9612	0.9606	0.9608	0	0.9596	3.0756	0.9594	0.9594	0.96	0.9596	4.9829	0.9597	0.9608	0.9594	0.9594	0.9592	0.9592	0.9593	0.9602	0.9999	0.9599	0.9602	0.96	0.9608	0.9604	4.9818	1.1509	0.9605	0.9604	0.96	3.4354	1.614	0.9609	0.9596	0.9608	0.9634	0.9598	2.0194	0.9598	0.9596	0.961	0.9598	0.9602	0.9611	0.9593
  U	0.9616	0.9609	0.9612	0.9609	1.0423	0.961	0.9613	0.9609	0.9611	0.9611	0.9613	2.2731	0.9609	0.9603	0.9609	0.9506	0.9611	0.961	0.961	0.9596	0	0.9607	0.9609	0.9609	0.9611	0.9609	0.9605	0.9609	0.961	0.961	0.9609	0.9609	0.9609	0.9611	0.961	0.9605	0.9608	0.9609	0.9609	1.4415	0.9611	0.9592	0.9607	0.961	0.9615	0.9613	0.9474	0.9607	0.961	1.7238	0.9609	0.9612	0.961	0.9599	0.9611	0.961	0.9605	0.9611	1.1939	0.9614	0.9609
  V	0.9718	0.9638	1.3871	0.9607	0.9627	0.9611	0.9613	0.9606	0.961	0.961	0.9613	0.9573	1.1393	2.266	0.9608	10.9901	0.9625	1.3995	1.0828	3.0756	0.9607	0	0.9607	0.9607	0.9614	0.9618	1.0419	0.961	0.9834	0.9608	0.9608	0.9606	0.9606	0.9608	1.1514	1.6896	1.1235	1.2207	0.9627	0.9645	0.9625	1.0857	1.0726	0.9624	0.9618	0.961	23.956	1.4255	1.1628	0.9607	0.9772	0.9774	0.9613	1.934	0.9617	0.961	0.9709	0.9617	1.2136	1.424	0.9606
  W	0.9611	0.961	0.9612	0.9609	0.9618	0.961	0.9613	0.9609	0.9612	0.9612	0.9613	0.9442	0.9609	0.96	0.9609	0.9494	0.9612	0.961	0.961	0.9594	0.9609	0.9607	0	0.9609	0.9611	0.9609	0.9604	0.9609	0.961	0.961	0.9609	0.9609	0.9609	0.9611	0.9611	0.9602	0.9608	0.961	0.9609	0.961	0.9611	0.9589	0.9607	0.961	0.9613	0.961	1.4176	0.9607	0.9611	0.961	0.9609	0.9611	0.961	0.9596	0.9612	0.961	0.9605	0.9612	0.9609	0.9613	0.9609
  X	0.961	0.961	0.9612	0.9609	0.9618	0.961	0.9613	0.9609	0.9612	0.9612	0.9613	0.9442	0.9609	0.96	0.9609	0.9491	0.9612	0.961	0.961	0.9594	0.9609	0.9607	0.9609	0	0.9611	0.9609	0.9604	0.9609	0.961	0.961	0.9609	0.9609	0.9609	0.9611	0.9611	0.9602	0.9608	0.961	0.9609	0.961	0.9611	0.9589	0.9607	0.961	0.9613	0.961	1.4178	0.9607	0.9611	0.961	0.9609	0.9611	0.961	0.9596	0.9612	0.961	0.9605	0.9612	0.9609	0.9613	0.9609
  Y	0.9615	0.9612	0.9615	0.9611	1.187	0.9612	0.9615	0.9611	0.9614	0.9614	0.9615	0.949	0.9613	1.0303	0.9611	1.319	0.9615	0.9613	0.9613	0.96	0.9611	0.9614	0.9611	0.9611	0	0.9611	0.9608	0.9611	0.9614	0.9613	0.9611	0.9611	0.9611	0.9614	0.9616	1.5336	0.9612	0.9614	0.9613	1.1691	0.9616	0.9623	0.9609	0.9613	1.3095	0.9614	2.6673	0.961	0.9614	0.9611	0.9611	0.9624	0.9612	1.0133	0.9615	0.9612	0.9617	0.9615	0.9615	0.9617	0.9611
  Z	0.9612	0.961	0.9612	0.9609	0.9617	0.961	0.9613	0.9609	0.9612	0.9612	0.9613	0.9464	0.9609	0.9603	0.9609	1.4258	0.9612	0.961	0.961	0.9596	0.9609	0.9618	0.9609	0.9609	0.9611	0	0.9605	0.9609	0.9611	0.961	0.9609	0.9609	0.9609	0.9611	0.9611	1.4397	0.9609	0.961	0.961	0.9611	0.9611	0.9593	0.9608	0.9611	0.9613	0.961	1.8952	0.9607	0.9611	0.961	0.9609	0.9612	0.961	0.9599	0.9612	0.9609	0.9606	0.9612	0.961	0.9613	0.9609
  [	0.9667	0.9607	0.961	0.9604	0.9613	0.9605	0.9611	0.9604	0.9608	0.9608	0.9611	0.9521	1.2069	1.3283	0.9604	8.2289	0.9614	0.961	0.9625	4.9829	0.9605	1.0419	0.9604	0.9604	0.9608	0.9605	0	0.9605	0.9612	0.9604	0.9604	0.9603	0.9603	0.9604	0.9608	0.965	0.9607	0.9608	0.9608	0.9612	0.9609	1.5118	0.9621	0.961	0.9608	0.9606	2.1743	1.7994	0.9609	0.9605	0.9609	0.9614	0.9606	1.0863	0.9607	0.9605	0.9615	0.9607	0.9607	0.9623	0.9604
  \	0.9614	0.961	0.9612	0.9609	0.9618	0.961	0.9613	0.9609	0.9612	0.9612	0.9613	0.9454	0.961	0.9629	0.9609	1.0267	0.9612	0.961	0.9611	0.9597	0.9609	0.961	0.9609	0.9609	0.9611	0.9609	0.9605	0	0.9619	0.961	0.9609	0.9609	0.9609	0.9611	0.9611	0.9604	0.9609	0.961	0.961	0.9611	0.9611	0.9593	0.9608	0.9611	0.9613	0.961	1.8141	0.9608	0.9611	0.961	0.9609	0.9612	0.961	0.9606	0.9612	0.961	0.9606	0.9612	0.961	0.9613	0.9609
  ]	1.3118	0.9613	0.9616	0.961	0.9619	0.9614	0.9615	0.961	0.9613	0.9613	0.9615	0.952	0.9617	0.9626	0.961	1.3729	1.6814	1.1073	0.9651	0.9608	0.961	0.9834	0.961	0.961	0.9614	0.9611	0.9612	0.9619	0	0.961	0.961	0.961	0.961	0.9611	0.9615	0.9617	0.9613	0.9613	0.9613	0.9616	0.9616	0.961	0.9613	0.9617	0.9613	0.9611	6.4126	0.9707	0.9615	0.961	0.9613	0.9643	0.9612	0.9614	0.9616	0.9611	1.2613	0.9616	0.9615	1.1089	0.961
  ^	0.9611	0.961	0.9614	0.961	0.962	0.9611	0.9614	0.961	0.9612	0.9612	0.9614	1.4162	0.9609	0.9605	0.9609	0.9491	0.9611	0.9611	0.961	0.9594	0.961	0.9608	0.961	0.961	0.9613	0.961	0.9604	0.961	0.961	0	0.961	1.4433	0.961	1.2939	0.9611	1.2751	0.961	0.961	0.9612	0.9612	0.9613	0.959	0.9607	0.961	0.9616	0.9612	0.9458	0.9607	0.9612	0.961	0.9609	0.9616	0.9611	0.9599	0.9612	0.9611	0.9605	0.9612	0.961	0.9614	0.961
  _	0.9611	0.9609	0.9612	0.9609	0.9619	0.961	0.9613	0.9609	0.9611	0.9611	0.9613	0.9444	0.9609	0.9602	0.9609	0.9499	0.9611	0.961	0.961	0.9594	0.9609	0.9608	0.9609	0.9609	0.9611	0.9609	0.9604	0.9609	0.961	0.961	0	0.9609	0.9609	0.9611	0.961	0.9638	0.9608	0.9609	0.9609	0.961	0.9611	0.9591	0.9607	0.961	0.9613	0.961	1.4027	0.9607	0.9611	0.9609	0.9609	0.9612	0.961	1.4503	0.9612	0.9609	0.9605	0.9612	0.9609	0.9613	0.9609
  `	0.961	0.9609	0.9612	0.9609	0.9618	0.961	0.9614	0.9609	0.9612	0.9612	0.9614	0.9424	0.9608	0.9598	0.9609	0.9478	0.9611	0.961	0.961	0.9592	0.9609	0.9606	0.9609	0.9609	0.9611	0.9609	0.9603	0.9609	0.961	1.4433	0.9609	0	0.9609	0.9612	0.961	0.9601	0.9608	0.961	0.9609	0.961	0.9611	0.9587	0.9607	0.961	0.9614	0.961	0.9436	0.9606	0.961	0.961	0.9609	0.9611	0.961	0.9594	0.9612	0.9609	0.9604	0.9612	0.9609	0.9613	0.9609
  a	1.4417	0.9609	0.9612	0.9609	0.9618	0.961	0.9614	0.9609	0.9612	0.9612	0.9614	0.9426	0.9608	0.9599	0.9609	0.9479	0.9611	0.961	0.9611	0.9592	0.9609	0.9606	0.9609	0.9609	0.9611	0.9609	0.9603	0.9609	0.961	0.961	0.9609	0.9609	0	0.9611	0.961	0.96	0.9608	0.961	0.9609	0.961	0.9611	0.9587	0.9607	0.961	0.9614	0.961	0.9438	0.9606	0.961	0.961	0.9609	0.9611	0.9611	0.9594	0.9612	0.9609	0.9604	0.9612	0.9609	0.9614	0.9609
  b	0.9611	0.9611	0.9615	0.9611	0.962	0.9612	0.9615	0.9611	0.9614	0.9614	0.9615	0.9429	0.9609	0.9604	0.9611	0.948	0.9612	0.9611	0.9611	0.9593	0.9611	0.9608	0.9611	0.9611	0.9614	0.9611	0.9604	0.9611	0.9611	1.2939	0.9611	0.9612	0.9611	0	0.9612	1.2753	0.961	0.9611	0.9612	0.9613	0.9614	0.9588	0.9607	0.9611	0.9617	0.9612	0.9445	0.9607	0.9613	0.9611	0.961	0.9616	0.9612	0.9598	0.9613	0.9612	0.9605	0.9613	0.9611	0.9614	0.9611
  c	0.9622	0.9613	0.9615	0.961	0.9619	0.9611	0.9614	0.961	0.9613	0.9613	0.9614	0.9488	0.9614	1.125	0.961	1.3225	0.9615	0.9612	0.9616	0.9602	0.961	1.1514	0.9611	0.9611	0.9616	0.9611	0.9608	0.9611	0.9615	0.9611	0.961	0.961	0.961	0.9612	0	1.1547	1.1915	0.9615	0.9614	0.9616	0.9616	0.9604	0.9609	0.9614	0.9614	0.9612	3.2847	0.9612	0.9615	0.961	0.9612	0.9618	0.9612	0.9622	0.9614	0.9611	0.962	0.9614	0.9614	0.9619	0.961
  d	0.996	0.9609	1.4421	0.9602	1.5884	0.9607	0.9604	0.9601	0.9603	0.9603	0.9604	1.8389	0.9624	5.1273	0.9602	1.6505	0.9618	0.9621	0.9631	0.9999	0.9605	1.6896	0.9602	0.9602	1.5336	1.4397	0.965	0.9604	0.9617	1.2751	0.9638	0.9601	0.96	1.2753	1.1547	0	0.9865	0.9628	2.2167	1.332	1.697	1.7283	0.9615	0.9617	1.5202	1.2979	31.2779	0.9903	1.1254	0.9605	0.9609	3.0043	0.9659	3.5753	0.9614	1.4419	0.9624	0.9614	1.2317	1.0109	0.9601
  e	0.9615	0.961	0.9613	0.9608	0.9619	0.9609	0.9612	0.9608	0.961	0.961	0.9612	0.948	0.9612	1.446	0.9608	0.955	0.9613	0.961	0.9613	0.9599	0.9608	1.1235	0.9608	0.9608	0.9612	0.9609	0.9607	0.9609	0.9613	0.961	0.9608	0.9608	0.9608	0.961	1.1915	0.9865	0	0.961	0.9611	0.9613	0.9613	0.9598	0.9608	0.9612	0.9613	0.961	3.168	0.9609	0.9613	0.9609	0.961	0.9614	0.961	1.2963	0.9612	0.9609	0.961	0.9612	0.9612	0.9617	0.9608
  f	0.9632	0.9611	0.9739	0.9609	0.9617	0.9611	0.9614	0.961	0.9612	0.9612	0.9614	0.9491	0.9612	1.0578	0.9609	1.4915	0.9614	0.9612	0.9612	0.9602	0.9609	1.2207	0.961	0.961	0.9614	0.961	0.9608	0.961	0.9613	0.961	0.9609	0.961	0.961	0.9611	0.9615	0.9628	0.961	0	0.9611	0.9612	0.9613	1.3323	0.9609	0.9612	0.9613	0.961	3.4747	0.961	0.9613	0.961	0.961	0.9613	0.9611	0.9607	0.9613	0.961	0.9618	0.9613	0.9612	1.0181	0.961
  g	1.0313	0.9611	0.9613	0.9609	0.9662	0.9611	0.9612	0.9609	0.9611	0.9611	0.9612	0.9499	0.9612	0.9632	0.9609	0.9585	0.9614	0.9611	0.9614	0.96	0.9609	0.9627	0.9609	0.9609	0.9613	0.961	0.9608	0.961	0.9613	0.9612	0.9609	0.9609	0.9609	0.9612	0.9614	2.2167	0.9611	0.9611	0	0.9617	1.1539	1.4198	0.9609	0.9614	0.9613	0.9611	4.5808	0.961	0.9615	0.961	0.9611	0.9615	0.9611	1.1658	0.9615	0.961	0.9612	0.9615	0.9615	0.9617	0.9609
  h	0.9635	0.9613	0.9615	0.961	0.9621	0.9612	0.9613	0.961	0.9612	0.9612	0.9613	1.4288	1.106	0.9633	0.961	1.6994	0.9617	0.9613	0.9616	0.9608	1.4415	0.9645	0.961	0.961	1.1691	0.9611	0.9612	0.9611	0.9616	0.9612	0.961	0.961	0.961	0.9613	0.9616	1.332	0.9613	0.9612	0.9617	0	1.1755	1.4658	0.9611	0.9616	0.9615	0.9612	7.1154	0.9613	0.9617	0.9611	0.9613	0.962	0.9611	1.1176	0.9616	0.9611	0.9617	0.9616	0.9616	0.9619	0.961
  i	0.9635	0.9613	0.9615	0.9611	0.9623	0.9612	0.9614	0.9611	0.9613	0.9613	0.9614	0.9495	0.9616	1.7102	0.9611	0.958	0.9616	0.9613	0.9617	0.9604	0.9611	0.9625	0.9611	0.9611	0.9616	0.9611	0.9609	0.9611	0.9616	0.9613	0.9611	0.9611	0.9611	0.9614	0.9616	1.697	0.9613	0.9613	1.1539	1.1755	0	0.9807	0.961	0.9616	0.9616	0.9613	4.1819	0.9613	1.1769	0.9611	0.9613	0.9626	0.9612	1.2198	0.9616	0.9612	1.4076	0.9616	0.9616	0.9621	0.9611
  j	3.4239	0.9597	0.9602	0.9589	1.2271	0.9593	0.9597	0.9587	0.9594	0.9594	0.9597	1.6972	1.3463	9.0681	0.959	28.3253	0.9611	0.9603	0.9617	4.9818	0.9592	1.0857	0.9589	0.9589	0.9623	0.9593	1.5118	0.9593	0.961	0.959	0.9591	0.9587	0.9587	0.9588	0.9604	1.7283	0.9598	1.3323	1.4198	1.4658	0.9807	0	1.3599	0.9606	1.4418	0.9601	8.4623	1.3858	1.1978	0.9592	1.128	1.3851	0.9596	17.8484	1.0405	0.9603	0.9642	1.0405	0.9822	1.1432	1.3862
  k	1.327	0.9609	0.9612	0.9607	0.9614	0.9608	0.9616	0.9607	0.9613	0.9613	0.9616	0.9562	0.9611	1.2889	0.9607	15.9893	0.9616	0.9612	0.9612	1.1509	0.9607	1.0726	0.9607	0.9607	0.9609	0.9608	0.9621	0.9608	0.9613	0.9607	0.9607	0.9607	0.9607	0.9607	0.9609	0.9615	0.9608	0.9609	0.9609	0.9611	0.961	1.3599	0	0.961	0.9611	0.9608	1.723	0.9613	0.9611	0.9608	0.961	0.9616	0.9609	1.212	0.9609	0.9608	0.9612	0.9609	0.9609	0.9613	0.9607
  l	0.9829	1.169	0.9614	0.961	0.9618	0.9611	0.9614	0.961	0.9613	0.9613	0.9614	0.9501	0.9615	0.9614	0.961	1.2658	1.1717	0.9612	0.9641	0.9605	0.961	0.9624	0.961	0.961	0.9613	0.9611	0.961	0.9611	0.9617	0.961	0.961	0.961	0.961	0.9611	0.9614	0.9617	0.9612	0.9612	0.9614	0.9616	0.9616	0.9606	0.961	0	0.9613	0.9611	4.7206	1.0621	0.9614	0.961	2.1434	0.9616	0.9611	0.9613	0.9615	0.961	0.9616	0.9615	0.9613	0.9619	0.961
  m	0.963	0.9613	0.9617	0.9613	1.6517	0.9614	0.9618	0.9614	0.9616	0.9616	0.9618	1.5381	0.9612	1.2259	0.9613	1.143	0.9615	0.9614	0.9614	0.9604	0.9615	0.9618	0.9613	0.9613	1.3095	0.9613	0.9608	0.9613	0.9613	0.9616	0.9613	0.9614	0.9614	0.9617	0.9614	1.5202	0.9613	0.9613	0.9613	0.9615	0.9616	1.4418	0.9611	0.9613	0	1.0296	1.2177	0.9612	0.9615	0.9615	0.9612	1.2162	0.9614	1.0802	0.9616	0.9615	0.9608	0.9616	0.9616	0.9618	0.9614
  n	0.9642	0.961	0.9613	0.961	1.7462	0.9611	0.9613	0.961	0.9612	0.9612	0.9613	3.5938	0.961	1.0329	0.961	0.9529	0.9612	0.9611	0.9611	0.96	0.9613	0.961	0.961	0.961	0.9614	0.961	0.9606	0.961	0.9611	0.9612	0.961	0.961	0.961	0.9612	0.9612	1.2979	0.961	0.961	0.9611	0.9612	0.9613	0.9601	0.9608	0.9611	1.0296	0	1.4307	0.9608	0.9612	0.9613	0.961	0.9618	0.9611	0.9618	0.9612	0.9612	0.9607	0.9612	0.9612	0.9616	0.961
  o	23.5639	3.4132	2.3159	1.2663	1.7146	1.0671	0.9482	0.9462	0.9469	0.9469	0.9482	1.7675	6.131	15.4919	1.3265	73.585	3.2472	2.36	10.9963	3.4354	0.9474	23.956	1.4176	1.4178	2.6673	1.8952	2.1743	1.8141	6.4126	0.9458	1.4027	0.9436	0.9438	0.9445	3.2847	31.2779	3.168	3.4747	4.5808	7.1154	4.1819	8.4623	1.723	4.7206	1.2177	1.4307	0	7.066	3.118	0.9475	4.1508	6.7752	1.6962	20.3126	1.1487	1.0911	12.0124	1.1487	1.9329	6.5279	0.9442
  p	0.9864	0.9637	0.962	0.9606	0.9615	0.9609	0.9613	0.9606	0.9611	0.9611	0.9613	0.9547	0.9615	3.0995	0.9607	9.7234	0.962	1.0658	1.1032	1.614	0.9607	1.4255	0.9607	0.9607	0.961	0.9607	1.7994	0.9608	0.9707	0.9607	0.9607	0.9606	0.9606	0.9607	0.9612	0.9903	0.9609	0.961	0.961	0.9613	0.9613	1.3858	0.9613	1.0621	0.9612	0.9608	7.066	0	0.9612	0.9607	0.961	0.9617	0.961	0.9671	0.9611	0.9607	1.5258	0.9611	0.9611	0.9621	0.9606
  q	0.9693	0.9613	0.9616	0.961	0.962	0.9612	0.9614	0.961	0.9613	0.9613	0.9614	0.9485	0.9615	0.9878	0.961	1.2032	0.9615	0.9612	0.9617	0.9609	0.961	1.1628	0.9611	0.9611	0.9614	0.9611	0.9609	0.9611	0.9615	0.9612	0.9611	0.961	0.961	0.9613	0.9615	1.1254	0.9613	0.9613	0.9615	0.9617	1.1769	1.1978	0.9611	0.9614	0.9615	0.9612	3.118	0.9612	0	0.961	0.9612	0.9632	0.9612	1.1681	0.9614	0.9612	0.9614	0.9614	0.9614	0.9619	0.961
  r	0.9615	0.961	0.9612	0.961	0.9631	0.961	0.9613	0.961	0.9612	0.9612	0.9613	2.5885	0.9609	0.9604	0.9609	0.9506	0.9611	0.961	0.961	0.9596	1.7238	0.9607	0.961	0.961	0.9611	0.961	0.9605	0.961	0.961	0.961	0.9609	0.961	0.961	0.9611	0.961	0.9605	0.9609	0.961	0.961	0.9611	0.9611	0.9592	0.9608	0.961	0.9615	0.9613	0.9475	0.9607	0.961	0	0.9609	0.9612	0.9611	0.96	0.9612	0.961	0.9606	0.9612	2.3378	0.9615	0.961
  s	0.9656	0.9613	0.9613	0.9609	0.9617	0.961	0.9613	0.9609	0.9612	0.9612	0.9613	0.9503	0.9612	0.9611	0.9609	1.9964	1.4424	0.9611	0.9612	0.9608	0.9609	0.9772	0.9609	0.9609	0.9611	0.9609	0.9609	0.9609	0.9613	0.9609	0.9609	0.9609	0.9609	0.961	0.9612	0.9609	0.961	0.961	0.9611	0.9613	0.9613	1.128	0.961	2.1434	0.9612	0.961	4.1508	0.961	0.9612	0.9609	0	0.9613	0.961	0.9613	0.9613	0.9609	0.961	0.9613	0.9612	1.0219	0.9609
  t	1.037	0.9614	1.2142	0.9611	1.0025	0.9613	0.9615	0.9611	0.9614	0.9614	0.9615	1.6576	0.962	2.2501	0.9611	1.2586	0.9617	0.9615	1.1373	0.9634	0.9612	0.9774	0.9611	0.9611	0.9624	0.9612	0.9614	0.9612	0.9643	0.9616	0.9612	0.9611	0.9611	0.9616	0.9618	3.0043	0.9614	0.9613	0.9615	0.962	0.9626	1.3851	0.9616	0.9616	1.2162	0.9618	6.7752	0.9617	0.9632	0.9612	0.9613	0	0.9614	2.7476	0.9616	0.9637	0.9615	0.9616	0.9622	0.9627	0.9611
  u	1.206	0.9612	0.9615	0.961	0.9618	0.9612	0.9615	0.9611	0.9613	0.9613	0.9615	0.9473	0.961	0.9606	0.961	1.167	0.9613	0.9612	1.2676	0.9598	0.961	0.9613	0.961	0.961	0.9612	0.961	0.9606	0.961	0.9612	0.9611	0.961	0.961	0.9611	0.9612	0.9612	0.9659	0.961	0.9611	0.9611	0.9611	0.9612	0.9596	0.9609	0.9611	0.9614	0.9611	1.6962	0.961	0.9612	0.9611	0.961	0.9614	0	0.9602	0.9613	0.9611	0.9608	0.9613	0.9611	0.9616	0.961
  v	1.8721	0.9603	0.9618	0.9596	2.3032	0.96	0.96	0.9594	0.9598	0.9598	0.96	3.2619	1.4428	9.5603	0.9597	9.6743	0.9615	0.9608	1.4497	2.0194	0.9599	1.934	0.9596	0.9596	1.0133	0.9599	1.0863	0.9606	0.9614	0.9599	1.4503	0.9594	0.9594	0.9598	0.9622	3.5753	1.2963	0.9607	1.1658	1.1176	1.2198	17.8484	1.212	0.9613	1.0802	0.9618	20.3126	0.9671	1.1681	0.96	0.9613	2.7476	0.9602	0	0.9618	1.2502	0.9659	0.9618	1.2441	1.0248	0.9828
  w	0.962	0.9613	0.9616	0.9612	0.962	0.9612	0.9616	0.9612	0.9614	0.9614	0.9616	0.9436	0.9614	0.9622	0.9612	0.9549	0.9615	0.9612	0.9617	0.9598	0.9611	0.9617	0.9612	0.9612	0.9615	0.9612	0.9607	0.9612	0.9616	0.9612	0.9612	0.9612	0.9612	0.9613	0.9614	0.9614	0.9612	0.9613	0.9615	0.9616	0.9616	1.0405	0.9609	0.9615	0.9616	0.9612	1.1487	0.9611	0.9614	0.9612	0.9613	0.9616	0.9613	0.9618	0	0.9612	0.9612	1.3149	0.9612	0.9619	0.9612
  x	0.9733	0.961	0.9612	0.9609	0.962	0.961	0.9613	0.961	0.9612	0.9612	0.9613	1.419	0.9609	0.9993	0.9609	0.9532	0.9612	0.961	0.9612	0.9596	0.961	0.961	0.961	0.961	0.9612	0.9609	0.9605	0.961	0.9611	0.9611	0.9609	0.9609	0.9609	0.9612	0.9611	1.4419	0.9609	0.961	0.961	0.9611	0.9612	0.9603	0.9608	0.961	0.9615	0.9612	1.0911	0.9607	0.9612	0.961	0.9609	0.9637	0.9611	1.2502	0.9612	0	0.9606	0.9612	0.961	0.9615	0.961
  y	1.0519	0.961	0.9612	0.9605	0.9616	0.9728	0.9609	0.9606	0.9607	0.9607	0.9609	0.9559	1.1986	0.9626	0.9605	2.6796	1.1367	1.1233	0.9767	0.961	0.9605	0.9709	0.9605	0.9605	0.9617	0.9606	0.9615	0.9606	1.2613	0.9605	0.9605	0.9604	0.9604	0.9605	0.962	0.9624	0.961	0.9618	0.9612	0.9617	1.4076	0.9642	0.9612	0.9616	0.9608	0.9607	12.0124	1.5258	0.9614	0.9606	0.961	0.9615	0.9608	0.9659	0.9612	0.9606	0	0.9612	0.9612	1.1602	0.9604
  z	0.962	0.9613	0.9616	0.9612	0.962	0.9612	0.9616	0.9612	0.9614	0.9614	0.9616	0.9436	0.9614	0.9622	0.9612	0.9549	0.9615	0.9612	0.9617	0.9598	0.9611	0.9617	0.9612	0.9612	0.9615	0.9612	0.9607	0.9612	0.9616	0.9612	0.9612	0.9612	0.9612	0.9613	0.9614	0.9614	0.9612	0.9613	0.9615	0.9616	0.9616	1.0405	0.9609	0.9615	0.9616	0.9612	1.1487	0.9611	0.9614	0.9612	0.9613	0.9616	0.9613	0.9618	1.3149	0.9612	0.9612	0	0.9612	0.9619	0.9612
  {	0.962	0.9612	0.9635	0.9609	1.2521	0.961	0.9613	0.9609	0.9611	0.9611	0.9613	0.9478	0.9613	1.0012	0.9609	1.4369	0.9614	0.9612	0.9618	0.9602	1.1939	1.2136	0.9609	0.9609	0.9615	0.961	0.9607	0.961	0.9615	0.961	0.9609	0.9609	0.9609	0.9611	0.9614	1.2317	0.9612	0.9612	0.9615	0.9616	0.9616	0.9822	0.9609	0.9613	0.9616	0.9612	1.9329	0.9611	0.9614	2.3378	0.9612	0.9622	0.9611	1.2441	0.9612	0.961	0.9612	0.9612	0	1.4407	0.9609
  |	1.3434	0.9631	1.6827	0.9613	0.9825	0.9705	0.9616	0.9615	0.9615	0.9615	0.9616	1.7708	0.9619	1.1307	0.9613	1.009	0.962	1.1741	1.0828	0.9611	0.9614	1.424	0.9613	0.9613	0.9617	0.9613	0.9623	0.9613	1.1089	0.9614	0.9613	0.9613	0.9614	0.9614	0.9619	1.0109	0.9617	1.0181	0.9617	0.9619	0.9621	1.1432	0.9613	0.9619	0.9618	0.9616	6.5279	0.9621	0.9619	0.9615	1.0219	0.9627	0.9616	1.0248	0.9619	0.9615	1.1602	0.9619	1.4407	0	0.9613
  }	0.9613	0.9609	0.9612	0.9609	0.9618	0.961	0.9614	0.9609	0.9612	0.9612	0.9614	0.9428	0.9609	0.96	0.9609	0.9768	0.9611	0.961	0.961	0.9593	0.9609	0.9606	0.9609	0.9609	0.9611	0.9609	0.9604	0.9609	0.961	0.961	0.9609	0.9609	0.9609	0.9611	0.961	0.9601	0.9608	0.961	0.9609	0.961	0.9611	1.3862	0.9607	0.961	0.9614	0.961	0.9442	0.9606	0.961	0.961	0.9609	0.9611	0.961	0.9828	0.9612	0.961	0.9604	0.9612	0.9609	0.9613	0

Actual rates from j->i (Q_ij):
	A	B	C	D	E	F	G	H	I	J	K	L	M	N	O	P	Q	R	S	T	U	V	W	X	Y	Z	[	\	]	^	_	`	a	b	c	d	e	f	g	h	i	j	k	l	m	n	o	p	q	r	s	t	u	v	w	x	y	z	{	|	}
  A	0	0.0049	0.0047	0.0047	0.0047	0.0065	0.0047	0.0047	0.0047	0.0047	0.0047	0.1215	0.0047	0.0235	0.0047	0.1037	0.0048	0.0052	0.0091	0.0055	0.0047	0.0047	0.0047	0.0047	0.0047	0.0047	0.0047	0.0047	0.0064	0.0047	0.0047	0.0047	0.007	0.0047	0.0047	0.0048	0.0047	0.0047	0.005	0.0047	0.0047	0.0167	0.0065	0.0048	0.0047	0.0047	0.1147	0.0048	0.0047	0.0047	0.0047	0.005	0.0059	0.0091	0.0047	0.0047	0.0051	0.0047	0.0047	0.0065	0.0047
  B	0.0167	0	0.0159	0.0158	0.0158	0.0158	0.0158	0.0158	0.0158	0.0158	0.0158	0.0156	0.0158	0.0158	0.0158	0.0201	0.0158	0.0159	0.0227	0.0158	0.0158	0.0159	0.0158	0.0158	0.0158	0.0158	0.0158	0.0158	0.0158	0.0158	0.0158	0.0158	0.0158	0.0158	0.0158	0.0158	0.0158	0.0158	0.0158	0.0158	0.0158	0.0158	0.0158	0.0193	0.0158	0.0158	0.0562	0.0159	0.0158	0.0158	0.0158	0.0158	0.0158	0.0158	0.0158	0.0158	0.0158	0.0158	0.0158	0.0159	0.0158
  C	0.0193	0.0191	0	0.0191	0.0191	0.0191	0.0191	0.0191	0.0191	0.0191	0.0191	0.0188	0.0191	0.0191	0.0191	0.0208	0.0191	0.0191	0.0248	0.019	0.0191	0.0275	0.0191	0.0191	0.0191	0.0191	0.0191	0.0191	0.0191	0.0191	0.0191	0.0191	0.0191	0.0191	0.0191	0.0286	0.0191	0.0193	0.0191	0.0191	0.0191	0.019	0.0191	0.0191	0.0191	0.0191	0.0459	0.0191	0.0191	0.0191	0.0191	0.0241	0.0191	0.0191	0.0191	0.0191	0.0191	0.0191	0.0191	0.0334	0.0191
  D	0.0212	0.0212	0.0213	0	0.0213	0.0212	0.0213	0.0212	0.0212	0.0212	0.0213	0.0209	0.0212	0.0212	0.0212	0.0243	0.0212	0.0212	0.0212	0.0212	0.0212	0.0212	0.0212	0.0212	0.0212	0.0212	0.0212	0.0212	0.0212	0.0212	0.0212	0.0212	0.0212	0.0212	0.0212	0.0212	0.0212	0.0212	0.0212	0.0212	0.0212	0.0212	0.0212	0.0212	0.0213	0.0212	0.028	0.0212	0.0212	0.0212	0.0212	0.0212	0.0212	0.0212	0.0212	0.0212	0.0212	0.0212	0.0212	0.0213	0.0212
  E	0.0122	0.0122	0.0122	0.0122	0	0.0122	0.0122	0.0122	0.0122	0.0122	0.0122	0.0771	0.0122	0.0214	0.0122	0.0121	0.0122	0.0122	0.0122	0.0122	0.0132	0.0122	0.0122	0.0122	0.015	0.0122	0.0122	0.0122	0.0122	0.0122	0.0122	0.0122	0.0122	0.0122	0.0122	0.0201	0.0122	0.0122	0.0122	0.0122	0.0122	0.0155	0.0122	0.0122	0.0209	0.0221	0.0217	0.0122	0.0122	0.0122	0.0122	0.0127	0.0122	0.0292	0.0122	0.0122	0.0122	0.0122	0.0159	0.0124	0.0122
  F	0.0314	0.0228	0.0228	0.0228	0.0228	0	0.0228	0.0343	0.0228	0.0228	0.0228	0.0224	0.0228	0.0228	0.0228	0.0226	0.0228	0.0228	0.0228	0.0227	0.0228	0.0228	0.0228	0.0228	0.0228	0.0228	0.0227	0.0228	0.0228	0.0228	0.0228	0.0228	0.0228	0.0228	0.0228	0.0228	0.0228	0.0228	0.0228	0.0228	0.0228	0.0227	0.0228	0.0228	0.0228	0.0228	0.0253	0.0228	0.0228	0.0228	0.0228	0.0228	0.0228	0.0227	0.0228	0.0228	0.023	0.0228	0.0228	0.023	0.0228
  G	0.0231	0.023	0.0231	0.023	0.0231	0.0231	0	0.023	0.025	0.025	0.033	0.0226	0.023	0.023	0.023	0.0251	0.0261	0.0231	0.023	0.023	0.023	0.023	0.023	0.023	0.0231	0.023	0.023	0.023	0.0231	0.023	0.023	0.023	0.023	0.0231	0.023	0.023	0.023	0.023	0.023	0.023	0.023	0.023	0.0231	0.023	0.0231	0.023	0.0227	0.023	0.0231	0.023	0.023	0.0231	0.0231	0.023	0.0231	0.023	0.023	0.0231	0.023	0.0231	0.023
  H	0.0238	0.0236	0.0236	0.0236	0.0236	0.0356	0.0236	0	0.0236	0.0236	0.0236	0.0231	0.0236	0.0235	0.0236	0.0232	0.0236	0.0236	0.0236	0.0235	0.0236	0.0236	0.0236	0.0236	0.0236	0.0236	0.0235	0.0236	0.0236	0.0236	0.0236	0.0236	0.0236	0.0236	0.0236	0.0235	0.0236	0.0236	0.0236	0.0236	0.0236	0.0235	0.0236	0.0236	0.0236	0.0236	0.0232	0.0236	0.0236	0.0236	0.0236	0.0236	0.0236	0.0235	0.0236	0.0236	0.0236	0.0236	0.0236	0.0236	0.0236
  I	0.0232	0.0232	0.0232	0.0232	0.0232	0.0232	0.0251	0.0232	0	0.029	0.0251	0.0227	0.0232	0.0232	0.0232	0.0245	0.0311	0.0232	0.0232	0.0232	0.0232	0.0232	0.0232	0.0232	0.0232	0.0232	0.0232	0.0232	0.0232	0.0232	0.0232	0.0232	0.0232	0.0232	0.0232	0.0232	0.0232	0.0232	0.0232	0.0232	0.0232	0.0231	0.0232	0.0232	0.0232	0.0232	0.0228	0.0232	0.0232	0.0232	0.0232	0.0232	0.0232	0.0231	0.0232	0.0232	0.0232	0.0232	0.0232	0.0232	0.0232
  J	0.0232	0.0232	0.0232	0.0232	0.0232	0.0232	0.0251	0.0232	0.029	0	0.0251	0.0227	0.0232	0.0232	0.0232	0.0245	0.0311	0.0232	0.0232	0.0232	0.0232	0.0232	0.0232	0.0232	0.0232	0.0232	0.0232	0.0232	0.0232	0.0232	0.0232	0.0232	0.0232	0.0232	0.0232	0.0232	0.0232	0.0232	0.0232	0.0232	0.0232	0.0231	0.0232	0.0232	0.0232	0.0232	0.0228	0.0232	0.0232	0.0232	0.0232	0.0232	0.0232	0.0231	0.0232	0.0232	0.0232	0.0232	0.0232	0.0232	0.0232
  K	0.0231	0.023	0.0231	0.023	0.0231	0.0231	0.033	0.023	0.025	0.025	0	0.0226	0.023	0.023	0.023	0.0251	0.0261	0.0231	0.023	0.023	0.023	0.023	0.023	0.023	0.0231	0.023	0.023	0.023	0.0231	0.023	0.023	0.023	0.023	0.0231	0.023	0.023	0.023	0.023	0.023	0.023	0.023	0.023	0.0231	0.023	0.0231	0.023	0.0227	0.023	0.0231	0.023	0.023	0.0231	0.0231	0.023	0.0231	0.023	0.023	0.0231	0.023	0.0231	0.023
  L	0.4809	0.0183	0.0182	0.0182	0.1172	0.0182	0.0182	0.0182	0.0182	0.0182	0.0182	0	0.0184	0.039	0.0182	0.0185	0.0183	0.0183	0.0184	0.0184	0.0438	0.0184	0.0182	0.0182	0.0183	0.0182	0.0183	0.0182	0.0183	0.0273	0.0182	0.0181	0.0182	0.0182	0.0183	0.0354	0.0183	0.0183	0.0183	0.0275	0.0183	0.0327	0.0184	0.0183	0.0296	0.0692	0.034	0.0184	0.0183	0.0499	0.0183	0.0319	0.0182	0.0628	0.0182	0.0273	0.0184	0.0182	0.0183	0.0341	0.0182
  M	0.0101	0.01	0.0101	0.01	0.0101	0.01	0.01	0.01	0.01	0.01	0.01	0.01	0	0.0101	0.01	0.0514	0.0101	0.01	0.0101	0.0101	0.01	0.0119	0.01	0.01	0.01	0.01	0.0126	0.01	0.0101	0.01	0.01	0.01	0.01	0.01	0.01	0.0101	0.01	0.01	0.01	0.0116	0.0101	0.0141	0.01	0.0101	0.01	0.01	0.0641	0.0101	0.0101	0.01	0.01	0.0101	0.01	0.0151	0.01	0.01	0.0125	0.01	0.01	0.0101	0.01
  N	0.0445	0.0089	0.0089	0.0089	0.0156	0.0089	0.0089	0.0089	0.0089	0.0089	0.0089	0.0187	0.0089	0	0.0089	0.0366	0.0089	0.0089	0.0089	0.0518	0.0089	0.0209	0.0089	0.0089	0.0095	0.0089	0.0123	0.0089	0.0089	0.0089	0.0089	0.0089	0.0089	0.0089	0.0104	0.0473	0.0133	0.0098	0.0089	0.0089	0.0158	0.0837	0.0119	0.0089	0.0113	0.0095	0.143	0.0286	0.0091	0.0089	0.0089	0.0208	0.0089	0.0883	0.0089	0.0092	0.0089	0.0089	0.0092	0.0104	0.0089
  O	0.0213	0.0213	0.0213	0.0213	0.0213	0.0213	0.0213	0.0213	0.0213	0.0213	0.0213	0.0209	0.0213	0.0212	0	0.023	0.0213	0.0213	0.0213	0.0212	0.0213	0.0213	0.0213	0.0213	0.0213	0.0213	0.0212	0.0213	0.0213	0.0213	0.0213	0.0213	0.0213	0.0213	0.0213	0.0212	0.0213	0.0213	0.0213	0.0213	0.0213	0.0212	0.0213	0.0213	0.0213	0.0213	0.0293	0.0213	0.0213	0.0213	0.0213	0.0213	0.0213	0.0212	0.0213	0.0213	0.0213	0.0213	0.0213	0.0213	0.0213
  P	0.0864	0.005	0.0042	0.0045	0.0039	0.0039	0.0042	0.0038	0.0041	0.0041	0.0042	0.0039	0.0199	0.0161	0.0042	0	0.0107	0.008	0.0046	0.1243	0.0039	0.0446	0.0038	0.0038	0.0053	0.0058	0.0334	0.0042	0.0056	0.0038	0.0039	0.0038	0.0038	0.0038	0.0054	0.0067	0.0039	0.006	0.0039	0.0069	0.0039	0.1149	0.0648	0.0051	0.0046	0.0039	0.2984	0.0394	0.0049	0.0039	0.0081	0.0051	0.0047	0.0392	0.0039	0.0039	0.0109	0.0039	0.0058	0.0041	0.004
  Q	0.0144	0.0141	0.0141	0.014	0.0141	0.0141	0.0159	0.014	0.0189	0.0189	0.0159	0.0139	0.0141	0.0141	0.014	0.0387	0	0.0141	0.0141	0.014	0.014	0.0141	0.014	0.014	0.0141	0.014	0.0141	0.014	0.0246	0.014	0.014	0.014	0.014	0.014	0.0141	0.0141	0.0141	0.0141	0.0141	0.0141	0.0141	0.014	0.0141	0.0171	0.0141	0.014	0.0475	0.0141	0.0141	0.014	0.0211	0.0141	0.0141	0.0141	0.0141	0.014	0.0166	0.0141	0.0141	0.0141	0.014
  R	0.0186	0.0167	0.0167	0.0167	0.0167	0.0167	0.0167	0.0167	0.0167	0.0167	0.0167	0.0165	0.0167	0.0167	0.0167	0.0342	0.0167	0	0.0244	0.0167	0.0167	0.0243	0.0167	0.0167	0.0167	0.0167	0.0167	0.0167	0.0193	0.0167	0.0167	0.0167	0.0167	0.0167	0.0167	0.0167	0.0167	0.0167	0.0167	0.0167	0.0167	0.0167	0.0167	0.0167	0.0167	0.0167	0.041	0.0185	0.0167	0.0167	0.0167	0.0167	0.0167	0.0167	0.0167	0.0167	0.0195	0.0167	0.0167	0.0204	0.0167
  S	0.0185	0.0137	0.0124	0.0095	0.0095	0.0095	0.0095	0.0095	0.0095	0.0095	0.0095	0.0095	0.0095	0.0096	0.0095	0.0114	0.0095	0.0139	0	0.0095	0.0095	0.0107	0.0095	0.0095	0.0095	0.0095	0.0095	0.0095	0.0096	0.0095	0.0095	0.0095	0.0095	0.0095	0.0095	0.0096	0.0095	0.0095	0.0095	0.0095	0.0095	0.0095	0.0095	0.0096	0.0095	0.0095	0.1091	0.0109	0.0095	0.0095	0.0095	0.0113	0.0126	0.0144	0.0095	0.0095	0.0097	0.0095	0.0095	0.0107	0.0095
  T	0.0072	0.006	0.006	0.006	0.006	0.006	0.006	0.006	0.006	0.006	0.006	0.006	0.0061	0.0353	0.006	0.1927	0.006	0.006	0.006	0	0.006	0.0193	0.006	0.006	0.006	0.006	0.0313	0.006	0.006	0.006	0.006	0.006	0.006	0.006	0.006	0.0063	0.006	0.006	0.006	0.006	0.006	0.0313	0.0072	0.006	0.006	0.006	0.0216	0.0101	0.006	0.006	0.006	0.0061	0.006	0.0127	0.006	0.006	0.006	0.006	0.006	0.006	0.006
  U	0.0185	0.0185	0.0185	0.0185	0.0201	0.0185	0.0185	0.0185	0.0185	0.0185	0.0185	0.0438	0.0185	0.0185	0.0185	0.0183	0.0185	0.0185	0.0185	0.0185	0	0.0185	0.0185	0.0185	0.0185	0.0185	0.0185	0.0185	0.0185	0.0185	0.0185	0.0185	0.0185	0.0185	0.0185	0.0185	0.0185	0.0185	0.0185	0.0278	0.0185	0.0185	0.0185	0.0185	0.0185	0.0185	0.0182	0.0185	0.0185	0.0332	0.0185	0.0185	0.0185	0.0185	0.0185	0.0185	0.0185	0.0185	0.023	0.0185	0.0185
  V	0.0061	0.006	0.0087	0.006	0.006	0.006	0.006	0.006	0.006	0.006	0.006	0.006	0.0072	0.0142	0.006	0.069	0.006	0.0088	0.0068	0.0193	0.006	0	0.006	0.006	0.006	0.006	0.0065	0.006	0.0062	0.006	0.006	0.006	0.006	0.006	0.0072	0.0106	0.0071	0.0077	0.006	0.0061	0.006	0.0068	0.0067	0.006	0.006	0.006	0.1504	0.0089	0.0073	0.006	0.0061	0.0061	0.006	0.0121	0.006	0.006	0.0061	0.006	0.0076	0.0089	0.006
  W	0.0213	0.0213	0.0213	0.0213	0.0213	0.0213	0.0213	0.0213	0.0213	0.0213	0.0213	0.0209	0.0212	0.0212	0.0212	0.021	0.0213	0.0213	0.0213	0.0212	0.0213	0.0212	0	0.0213	0.0213	0.0212	0.0212	0.0213	0.0213	0.0213	0.0212	0.0213	0.0213	0.0213	0.0213	0.0212	0.0212	0.0213	0.0213	0.0213	0.0213	0.0212	0.0212	0.0213	0.0213	0.0213	0.0313	0.0212	0.0213	0.0213	0.0212	0.0213	0.0213	0.0212	0.0213	0.0213	0.0212	0.0213	0.0213	0.0213	0.0213
  X	0.0213	0.0213	0.0213	0.0213	0.0213	0.0213	0.0213	0.0213	0.0213	0.0213	0.0213	0.0209	0.0213	0.0212	0.0212	0.021	0.0213	0.0213	0.0213	0.0212	0.0213	0.0212	0.0213	0	0.0213	0.0213	0.0212	0.0213	0.0213	0.0213	0.0213	0.0213	0.0213	0.0213	0.0213	0.0212	0.0212	0.0213	0.0213	0.0213	0.0213	0.0212	0.0212	0.0213	0.0213	0.0213	0.0314	0.0212	0.0213	0.0213	0.0212	0.0213	0.0213	0.0212	0.0213	0.0213	0.0212	0.0213	0.0213	0.0213	0.0213
  Y	0.0173	0.0173	0.0173	0.0173	0.0213	0.0173	0.0173	0.0173	0.0173	0.0173	0.0173	0.017	0.0173	0.0185	0.0173	0.0237	0.0173	0.0173	0.0173	0.0172	0.0173	0.0173	0.0173	0.0173	0	0.0173	0.0172	0.0173	0.0173	0.0173	0.0173	0.0173	0.0173	0.0173	0.0173	0.0275	0.0173	0.0173	0.0173	0.021	0.0173	0.0173	0.0173	0.0173	0.0235	0.0173	0.0479	0.0173	0.0173	0.0173	0.0173	0.0173	0.0173	0.0182	0.0173	0.0173	0.0173	0.0173	0.0173	0.0173	0.0173
  Z	0.0185	0.0185	0.0185	0.0185	0.0185	0.0185	0.0185	0.0185	0.0185	0.0185	0.0185	0.0182	0.0185	0.0185	0.0185	0.0274	0.0185	0.0185	0.0185	0.0184	0.0185	0.0185	0.0185	0.0185	0.0185	0	0.0185	0.0185	0.0185	0.0185	0.0185	0.0185	0.0185	0.0185	0.0185	0.0277	0.0185	0.0185	0.0185	0.0185	0.0185	0.0184	0.0185	0.0185	0.0185	0.0185	0.0364	0.0185	0.0185	0.0185	0.0185	0.0185	0.0185	0.0184	0.0185	0.0185	0.0185	0.0185	0.0185	0.0185	0.0185
  [	0.0109	0.0109	0.0109	0.0109	0.0109	0.0109	0.0109	0.0109	0.0109	0.0109	0.0109	0.0108	0.0137	0.015	0.0109	0.0931	0.0109	0.0109	0.0109	0.0564	0.0109	0.0118	0.0109	0.0109	0.0109	0.0109	0	0.0109	0.0109	0.0109	0.0109	0.0109	0.0109	0.0109	0.0109	0.0109	0.0109	0.0109	0.0109	0.0109	0.0109	0.0171	0.0109	0.0109	0.0109	0.0109	0.0246	0.0204	0.0109	0.0109	0.0109	0.0109	0.0109	0.0123	0.0109	0.0109	0.0109	0.0109	0.0109	0.0109	0.0109
  \	0.0197	0.0197	0.0197	0.0197	0.0197	0.0197	0.0197	0.0197	0.0197	0.0197	0.0197	0.0193	0.0197	0.0197	0.0197	0.021	0.0197	0.0197	0.0197	0.0196	0.0197	0.0197	0.0197	0.0197	0.0197	0.0197	0.0197	0	0.0197	0.0197	0.0197	0.0197	0.0197	0.0197	0.0197	0.0196	0.0197	0.0197	0.0197	0.0197	0.0197	0.0196	0.0197	0.0197	0.0197	0.0197	0.0371	0.0197	0.0197	0.0197	0.0197	0.0197	0.0197	0.0197	0.0197	0.0197	0.0197	0.0197	0.0197	0.0197	0.0197
  ]	0.0167	0.0122	0.0122	0.0122	0.0122	0.0122	0.0122	0.0122	0.0122	0.0122	0.0122	0.0121	0.0122	0.0122	0.0122	0.0174	0.0214	0.0141	0.0123	0.0122	0.0122	0.0125	0.0122	0.0122	0.0122	0.0122	0.0122	0.0122	0	0.0122	0.0122	0.0122	0.0122	0.0122	0.0122	0.0122	0.0122	0.0122	0.0122	0.0122	0.0122	0.0122	0.0122	0.0122	0.0122	0.0122	0.0815	0.0123	0.0122	0.0122	0.0122	0.0123	0.0122	0.0122	0.0122	0.0122	0.016	0.0122	0.0122	0.0141	0.0122
  ^	0.0215	0.0215	0.0215	0.0215	0.0215	0.0215	0.0215	0.0215	0.0215	0.0215	0.0215	0.0317	0.0215	0.0215	0.0215	0.0212	0.0215	0.0215	0.0215	0.0215	0.0215	0.0215	0.0215	0.0215	0.0215	0.0215	0.0215	0.0215	0.0215	0	0.0215	0.0323	0.0215	0.029	0.0215	0.0285	0.0215	0.0215	0.0215	0.0215	0.0215	0.0215	0.0215	0.0215	0.0215	0.0215	0.0212	0.0215	0.0215	0.0215	0.0215	0.0215	0.0215	0.0215	0.0215	0.0215	0.0215	0.0215	0.0215	0.0215	0.0215
  _	0.021	0.021	0.021	0.021	0.021	0.021	0.021	0.021	0.021	0.021	0.021	0.0206	0.021	0.021	0.021	0.0208	0.021	0.021	0.021	0.021	0.021	0.021	0.021	0.021	0.021	0.021	0.021	0.021	0.021	0.021	0	0.021	0.021	0.021	0.021	0.0211	0.021	0.021	0.021	0.021	0.021	0.021	0.021	0.021	0.021	0.021	0.0307	0.021	0.021	0.021	0.021	0.021	0.021	0.0317	0.021	0.021	0.021	0.021	0.021	0.021	0.021
  `	0.0236	0.0236	0.0236	0.0236	0.0236	0.0236	0.0236	0.0236	0.0236	0.0236	0.0236	0.0231	0.0236	0.0235	0.0236	0.0232	0.0236	0.0236	0.0236	0.0235	0.0236	0.0236	0.0236	0.0236	0.0236	0.0236	0.0236	0.0236	0.0236	0.0354	0.0236	0	0.0236	0.0236	0.0236	0.0235	0.0236	0.0236	0.0236	0.0236	0.0236	0.0235	0.0236	0.0236	0.0236	0.0236	0.0231	0.0236	0.0236	0.0236	0.0236	0.0236	0.0236	0.0235	0.0236	0.0236	0.0236	0.0236	0.0236	0.0236	0.0236
  a	0.0351	0.0234	0.0234	0.0234	0.0234	0.0234	0.0234	0.0234	0.0234	0.0234	0.0234	0.0229	0.0234	0.0233	0.0234	0.0231	0.0234	0.0234	0.0234	0.0233	0.0234	0.0234	0.0234	0.0234	0.0234	0.0234	0.0234	0.0234	0.0234	0.0234	0.0234	0.0234	0	0.0234	0.0234	0.0234	0.0234	0.0234	0.0234	0.0234	0.0234	0.0233	0.0234	0.0234	0.0234	0.0234	0.023	0.0234	0.0234	0.0234	0.0234	0.0234	0.0234	0.0233	0.0234	0.0234	0.0234	0.0234	0.0234	0.0234	0.0234
  b	0.0234	0.0234	0.0234	0.0234	0.0235	0.0234	0.0234	0.0234	0.0234	0.0234	0.0234	0.023	0.0234	0.0234	0.0234	0.0231	0.0234	0.0234	0.0234	0.0234	0.0234	0.0234	0.0234	0.0234	0.0234	0.0234	0.0234	0.0234	0.0234	0.0315	0.0234	0.0234	0.0234	0	0.0234	0.0311	0.0234	0.0234	0.0234	0.0234	0.0234	0.0234	0.0234	0.0234	0.0234	0.0234	0.023	0.0234	0.0234	0.0234	0.0234	0.0234	0.0234	0.0234	0.0234	0.0234	0.0234	0.0234	0.0234	0.0234	0.0234
  c	0.0158	0.0158	0.0158	0.0158	0.0158	0.0158	0.0158	0.0158	0.0158	0.0158	0.0158	0.0156	0.0158	0.0185	0.0158	0.0217	0.0158	0.0158	0.0158	0.0158	0.0158	0.0189	0.0158	0.0158	0.0158	0.0158	0.0158	0.0158	0.0158	0.0158	0.0158	0.0158	0.0158	0.0158	0	0.019	0.0196	0.0158	0.0158	0.0158	0.0158	0.0158	0.0158	0.0158	0.0158	0.0158	0.054	0.0158	0.0158	0.0158	0.0158	0.0158	0.0158	0.0158	0.0158	0.0158	0.0158	0.0158	0.0158	0.0158	0.0158
  d	0.0059	0.0057	0.0085	0.0057	0.0094	0.0057	0.0057	0.0057	0.0057	0.0057	0.0057	0.0108	0.0057	0.0302	0.0057	0.0097	0.0057	0.0057	0.0057	0.0059	0.0057	0.01	0.0057	0.0057	0.009	0.0085	0.0057	0.0057	0.0057	0.0075	0.0057	0.0057	0.0057	0.0075	0.0068	0	0.0058	0.0057	0.0131	0.0078	0.01	0.0102	0.0057	0.0057	0.009	0.0076	0.1843	0.0058	0.0066	0.0057	0.0057	0.0177	0.0057	0.0211	0.0057	0.0085	0.0057	0.0057	0.0073	0.006	0.0057
  e	0.0166	0.0165	0.0165	0.0165	0.0166	0.0165	0.0165	0.0165	0.0165	0.0165	0.0165	0.0163	0.0165	0.0249	0.0165	0.0164	0.0165	0.0165	0.0165	0.0165	0.0165	0.0193	0.0165	0.0165	0.0165	0.0165	0.0165	0.0165	0.0165	0.0165	0.0165	0.0165	0.0165	0.0165	0.0205	0.017	0	0.0165	0.0165	0.0165	0.0165	0.0165	0.0165	0.0165	0.0165	0.0165	0.0545	0.0165	0.0165	0.0165	0.0165	0.0166	0.0165	0.0223	0.0165	0.0165	0.0165	0.0165	0.0165	0.0166	0.0165
  f	0.0152	0.0152	0.0154	0.0152	0.0152	0.0152	0.0152	0.0152	0.0152	0.0152	0.0152	0.015	0.0152	0.0167	0.0152	0.0236	0.0152	0.0152	0.0152	0.0152	0.0152	0.0193	0.0152	0.0152	0.0152	0.0152	0.0152	0.0152	0.0152	0.0152	0.0152	0.0152	0.0152	0.0152	0.0152	0.0152	0.0152	0	0.0152	0.0152	0.0152	0.0211	0.0152	0.0152	0.0152	0.0152	0.055	0.0152	0.0152	0.0152	0.0152	0.0152	0.0152	0.0152	0.0152	0.0152	0.0152	0.0152	0.0152	0.0161	0.0152
  g	0.0158	0.0147	0.0147	0.0147	0.0148	0.0147	0.0147	0.0147	0.0147	0.0147	0.0147	0.0146	0.0147	0.0148	0.0147	0.0147	0.0147	0.0147	0.0147	0.0147	0.0147	0.0148	0.0147	0.0147	0.0147	0.0147	0.0147	0.0147	0.0147	0.0147	0.0147	0.0147	0.0147	0.0147	0.0147	0.034	0.0147	0.0147	0	0.0147	0.0177	0.0218	0.0147	0.0147	0.0147	0.0147	0.0702	0.0147	0.0147	0.0147	0.0147	0.0147	0.0147	0.0179	0.0147	0.0147	0.0147	0.0147	0.0147	0.0147	0.0147
  h	0.0112	0.0111	0.0112	0.0111	0.0112	0.0111	0.0112	0.0111	0.0111	0.0111	0.0112	0.0166	0.0128	0.0112	0.0111	0.0197	0.0112	0.0111	0.0112	0.0111	0.0167	0.0112	0.0111	0.0111	0.0136	0.0111	0.0111	0.0111	0.0112	0.0111	0.0111	0.0111	0.0111	0.0111	0.0112	0.0154	0.0111	0.0111	0.0112	0	0.0136	0.017	0.0111	0.0112	0.0112	0.0111	0.0825	0.0111	0.0112	0.0111	0.0111	0.0112	0.0111	0.013	0.0112	0.0111	0.0112	0.0112	0.0112	0.0112	0.0111
  i	0.0155	0.0154	0.0154	0.0154	0.0155	0.0154	0.0154	0.0154	0.0154	0.0154	0.0154	0.0153	0.0154	0.0275	0.0154	0.0154	0.0154	0.0154	0.0154	0.0154	0.0154	0.0155	0.0154	0.0154	0.0154	0.0154	0.0154	0.0154	0.0154	0.0154	0.0154	0.0154	0.0154	0.0154	0.0154	0.0273	0.0154	0.0154	0.0185	0.0189	0	0.0158	0.0154	0.0154	0.0154	0.0154	0.0672	0.0154	0.0189	0.0154	0.0154	0.0155	0.0154	0.0196	0.0154	0.0154	0.0226	0.0154	0.0154	0.0155	0.0154
  j	0.0198	0.0055	0.0055	0.0055	0.0071	0.0055	0.0055	0.0055	0.0055	0.0055	0.0055	0.0098	0.0078	0.0523	0.0055	0.1634	0.0055	0.0055	0.0055	0.0287	0.0055	0.0063	0.0055	0.0055	0.0056	0.0055	0.0087	0.0055	0.0055	0.0055	0.0055	0.0055	0.0055	0.0055	0.0055	0.01	0.0055	0.0077	0.0082	0.0085	0.0057	0	0.0078	0.0055	0.0083	0.0055	0.0488	0.008	0.0069	0.0055	0.0065	0.008	0.0055	0.103	0.006	0.0055	0.0056	0.006	0.0057	0.0066	0.008
  k	0.0107	0.0078	0.0078	0.0078	0.0078	0.0078	0.0078	0.0078	0.0078	0.0078	0.0078	0.0077	0.0078	0.0104	0.0078	0.1295	0.0078	0.0078	0.0078	0.0093	0.0078	0.0087	0.0078	0.0078	0.0078	0.0078	0.0078	0.0078	0.0078	0.0078	0.0078	0.0078	0.0078	0.0078	0.0078	0.0078	0.0078	0.0078	0.0078	0.0078	0.0078	0.011	0	0.0078	0.0078	0.0078	0.014	0.0078	0.0078	0.0078	0.0078	0.0078	0.0078	0.0098	0.0078	0.0078	0.0078	0.0078	0.0078	0.0078	0.0078
  l	0.0143	0.017	0.014	0.014	0.014	0.014	0.014	0.014	0.014	0.014	0.014	0.0139	0.014	0.014	0.014	0.0185	0.0171	0.014	0.0141	0.014	0.014	0.014	0.014	0.014	0.014	0.014	0.014	0.014	0.014	0.014	0.014	0.014	0.014	0.014	0.014	0.014	0.014	0.014	0.014	0.014	0.014	0.014	0.014	0	0.014	0.014	0.0688	0.0155	0.014	0.014	0.0313	0.014	0.014	0.014	0.014	0.014	0.014	0.014	0.014	0.014	0.014
  m	0.0201	0.0201	0.0201	0.0201	0.0345	0.0201	0.0201	0.0201	0.0201	0.0201	0.0201	0.0321	0.0201	0.0256	0.0201	0.0239	0.0201	0.0201	0.0201	0.0201	0.0201	0.0201	0.0201	0.0201	0.0274	0.0201	0.0201	0.0201	0.0201	0.0201	0.0201	0.0201	0.0201	0.0201	0.0201	0.0318	0.0201	0.0201	0.0201	0.0201	0.0201	0.0301	0.0201	0.0201	0	0.0215	0.0254	0.0201	0.0201	0.0201	0.0201	0.0254	0.0201	0.0226	0.0201	0.0201	0.0201	0.0201	0.0201	0.0201	0.0201
  n	0.0151	0.015	0.0151	0.015	0.0273	0.015	0.0151	0.015	0.0151	0.0151	0.0151	0.0563	0.015	0.0162	0.015	0.0149	0.0151	0.015	0.015	0.015	0.0151	0.015	0.015	0.015	0.0151	0.015	0.015	0.015	0.015	0.0151	0.015	0.015	0.015	0.0151	0.0151	0.0203	0.015	0.015	0.0151	0.0151	0.0151	0.015	0.015	0.015	0.0161	0	0.0224	0.015	0.0151	0.0151	0.015	0.0151	0.015	0.0151	0.0151	0.0151	0.015	0.0151	0.0151	0.0151	0.015
  o	0.0506	0.0073	0.005	0.0027	0.0037	0.0023	0.002	0.002	0.002	0.002	0.002	0.0038	0.0132	0.0333	0.0028	0.1581	0.007	0.0051	0.0236	0.0074	0.002	0.0515	0.003	0.003	0.0057	0.0041	0.0047	0.0039	0.0138	0.002	0.003	0.002	0.002	0.002	0.0071	0.0672	0.0068	0.0075	0.0098	0.0153	0.009	0.0182	0.0037	0.0101	0.0026	0.0031	0	0.0152	0.0067	0.002	0.0089	0.0146	0.0036	0.0436	0.0025	0.0023	0.0258	0.0025	0.0042	0.014	0.002
  p	0.0084	0.0082	0.0082	0.0082	0.0082	0.0082	0.0082	0.0082	0.0082	0.0082	0.0082	0.0081	0.0082	0.0263	0.0082	0.0826	0.0082	0.0091	0.0094	0.0137	0.0082	0.0121	0.0082	0.0082	0.0082	0.0082	0.0153	0.0082	0.0082	0.0082	0.0082	0.0082	0.0082	0.0082	0.0082	0.0084	0.0082	0.0082	0.0082	0.0082	0.0082	0.0118	0.0082	0.009	0.0082	0.0082	0.06	0	0.0082	0.0082	0.0082	0.0082	0.0082	0.0082	0.0082	0.0082	0.013	0.0082	0.0082	0.0082	0.0082
  q	0.0165	0.0164	0.0164	0.0164	0.0164	0.0164	0.0164	0.0164	0.0164	0.0164	0.0164	0.0161	0.0164	0.0168	0.0164	0.0205	0.0164	0.0164	0.0164	0.0164	0.0164	0.0198	0.0164	0.0164	0.0164	0.0164	0.0164	0.0164	0.0164	0.0164	0.0164	0.0164	0.0164	0.0164	0.0164	0.0192	0.0164	0.0164	0.0164	0.0164	0.02	0.0204	0.0164	0.0164	0.0164	0.0164	0.0531	0.0164	0	0.0164	0.0164	0.0164	0.0164	0.0199	0.0164	0.0164	0.0164	0.0164	0.0164	0.0164	0.0164
  r	0.0186	0.0186	0.0186	0.0186	0.0186	0.0186	0.0186	0.0186	0.0186	0.0186	0.0186	0.05	0.0185	0.0185	0.0186	0.0184	0.0186	0.0186	0.0186	0.0185	0.0333	0.0185	0.0186	0.0186	0.0186	0.0186	0.0185	0.0186	0.0186	0.0186	0.0186	0.0186	0.0186	0.0186	0.0186	0.0185	0.0185	0.0186	0.0186	0.0186	0.0186	0.0185	0.0185	0.0186	0.0186	0.0186	0.0183	0.0185	0.0186	0	0.0186	0.0186	0.0186	0.0185	0.0186	0.0186	0.0185	0.0186	0.0451	0.0186	0.0186
  s	0.0136	0.0135	0.0135	0.0135	0.0135	0.0135	0.0135	0.0135	0.0135	0.0135	0.0135	0.0134	0.0135	0.0135	0.0135	0.0281	0.0203	0.0135	0.0135	0.0135	0.0135	0.0137	0.0135	0.0135	0.0135	0.0135	0.0135	0.0135	0.0135	0.0135	0.0135	0.0135	0.0135	0.0135	0.0135	0.0135	0.0135	0.0135	0.0135	0.0135	0.0135	0.0159	0.0135	0.0301	0.0135	0.0135	0.0584	0.0135	0.0135	0.0135	0	0.0135	0.0135	0.0135	0.0135	0.0135	0.0135	0.0135	0.0135	0.0144	0.0135
  t	0.0127	0.0117	0.0148	0.0117	0.0122	0.0117	0.0117	0.0117	0.0117	0.0117	0.0117	0.0202	0.0117	0.0275	0.0117	0.0154	0.0117	0.0117	0.0139	0.0118	0.0117	0.0119	0.0117	0.0117	0.0117	0.0117	0.0117	0.0117	0.0118	0.0117	0.0117	0.0117	0.0117	0.0117	0.0117	0.0367	0.0117	0.0117	0.0117	0.0117	0.0117	0.0169	0.0117	0.0117	0.0148	0.0117	0.0827	0.0117	0.0118	0.0117	0.0117	0	0.0117	0.0335	0.0117	0.0118	0.0117	0.0117	0.0117	0.0117	0.0117
  u	0.0248	0.0198	0.0198	0.0198	0.0198	0.0198	0.0198	0.0198	0.0198	0.0198	0.0198	0.0195	0.0198	0.0198	0.0198	0.024	0.0198	0.0198	0.0261	0.0198	0.0198	0.0198	0.0198	0.0198	0.0198	0.0198	0.0198	0.0198	0.0198	0.0198	0.0198	0.0198	0.0198	0.0198	0.0198	0.0199	0.0198	0.0198	0.0198	0.0198	0.0198	0.0198	0.0198	0.0198	0.0198	0.0198	0.0349	0.0198	0.0198	0.0198	0.0198	0.0198	0	0.0198	0.0198	0.0198	0.0198	0.0198	0.0198	0.0198	0.0198
  v	0.0126	0.0065	0.0065	0.0065	0.0155	0.0065	0.0065	0.0065	0.0065	0.0065	0.0065	0.0219	0.0097	0.0643	0.0065	0.0651	0.0065	0.0065	0.0098	0.0136	0.0065	0.013	0.0065	0.0065	0.0068	0.0065	0.0073	0.0065	0.0065	0.0065	0.0098	0.0065	0.0065	0.0065	0.0065	0.0241	0.0087	0.0065	0.0078	0.0075	0.0082	0.1201	0.0082	0.0065	0.0073	0.0065	0.1367	0.0065	0.0079	0.0065	0.0065	0.0185	0.0065	0	0.0065	0.0084	0.0065	0.0065	0.0084	0.0069	0.0066
  w	0.0225	0.0224	0.0224	0.0224	0.0225	0.0224	0.0224	0.0224	0.0224	0.0224	0.0224	0.022	0.0224	0.0225	0.0224	0.0223	0.0224	0.0224	0.0224	0.0224	0.0224	0.0224	0.0224	0.0224	0.0224	0.0224	0.0224	0.0224	0.0224	0.0224	0.0224	0.0224	0.0224	0.0224	0.0224	0.0224	0.0224	0.0224	0.0224	0.0224	0.0224	0.0243	0.0224	0.0224	0.0224	0.0224	0.0268	0.0224	0.0224	0.0224	0.0224	0.0224	0.0224	0.0224	0	0.0224	0.0224	0.0307	0.0224	0.0225	0.0224
  x	0.0212	0.0209	0.0209	0.0209	0.0209	0.0209	0.0209	0.0209	0.0209	0.0209	0.0209	0.0308	0.0209	0.0217	0.0209	0.0207	0.0209	0.0209	0.0209	0.0209	0.0209	0.0209	0.0209	0.0209	0.0209	0.0209	0.0209	0.0209	0.0209	0.0209	0.0209	0.0209	0.0209	0.0209	0.0209	0.0313	0.0209	0.0209	0.0209	0.0209	0.0209	0.0209	0.0209	0.0209	0.0209	0.0209	0.0237	0.0209	0.0209	0.0209	0.0209	0.0209	0.0209	0.0272	0.0209	0	0.0209	0.0209	0.0209	0.0209	0.0209
  y	0.0094	0.0086	0.0086	0.0086	0.0086	0.0087	0.0086	0.0086	0.0086	0.0086	0.0086	0.0085	0.0107	0.0086	0.0086	0.0239	0.0101	0.01	0.0087	0.0086	0.0086	0.0087	0.0086	0.0086	0.0086	0.0086	0.0086	0.0086	0.0113	0.0086	0.0086	0.0086	0.0086	0.0086	0.0086	0.0086	0.0086	0.0086	0.0086	0.0086	0.0126	0.0086	0.0086	0.0086	0.0086	0.0086	0.1072	0.0136	0.0086	0.0086	0.0086	0.0086	0.0086	0.0086	0.0086	0.0086	0	0.0086	0.0086	0.0104	0.0086
  z	0.0225	0.0224	0.0224	0.0224	0.0225	0.0224	0.0224	0.0224	0.0224	0.0224	0.0224	0.022	0.0224	0.0225	0.0224	0.0223	0.0224	0.0224	0.0224	0.0224	0.0224	0.0224	0.0224	0.0224	0.0224	0.0224	0.0224	0.0224	0.0224	0.0224	0.0224	0.0224	0.0224	0.0224	0.0224	0.0224	0.0224	0.0224	0.0224	0.0224	0.0224	0.0243	0.0224	0.0224	0.0224	0.0224	0.0268	0.0224	0.0224	0.0224	0.0224	0.0224	0.0224	0.0224	0.0307	0.0224	0.0224	0	0.0224	0.0225	0.0224
  {	0.0192	0.0192	0.0192	0.0192	0.025	0.0192	0.0192	0.0192	0.0192	0.0192	0.0192	0.0189	0.0192	0.02	0.0192	0.0287	0.0192	0.0192	0.0192	0.0192	0.0238	0.0242	0.0192	0.0192	0.0192	0.0192	0.0192	0.0192	0.0192	0.0192	0.0192	0.0192	0.0192	0.0192	0.0192	0.0246	0.0192	0.0192	0.0192	0.0192	0.0192	0.0196	0.0192	0.0192	0.0192	0.0192	0.0385	0.0192	0.0192	0.0466	0.0192	0.0192	0.0192	0.0248	0.0192	0.0192	0.0192	0.0192	0	0.0287	0.0192
  |	0.0164	0.0117	0.0205	0.0117	0.012	0.0118	0.0117	0.0117	0.0117	0.0117	0.0117	0.0216	0.0117	0.0138	0.0117	0.0123	0.0117	0.0143	0.0132	0.0117	0.0117	0.0174	0.0117	0.0117	0.0117	0.0117	0.0117	0.0117	0.0135	0.0117	0.0117	0.0117	0.0117	0.0117	0.0117	0.0123	0.0117	0.0124	0.0117	0.0117	0.0117	0.0139	0.0117	0.0117	0.0117	0.0117	0.0795	0.0117	0.0117	0.0117	0.0125	0.0117	0.0117	0.0125	0.0117	0.0117	0.0141	0.0117	0.0176	0	0.0117
  }	0.0231	0.0231	0.0231	0.0231	0.0231	0.0231	0.0231	0.0231	0.0231	0.0231	0.0231	0.0226	0.0231	0.0231	0.0231	0.0235	0.0231	0.0231	0.0231	0.023	0.0231	0.0231	0.0231	0.0231	0.0231	0.0231	0.0231	0.0231	0.0231	0.0231	0.0231	0.0231	0.0231	0.0231	0.0231	0.0231	0.0231	0.0231	0.0231	0.0231	0.0231	0.0333	0.0231	0.0231	0.0231	0.0231	0.0227	0.0231	0.0231	0.0231	0.0231	0.0231	0.0231	0.0236	0.0231	0.0231	0.0231	0.0231	0.0231	0.0231	0
